1
97
17
117
55
68
44
36
100
0
152
1
97
17
117
55
68
44
36
38
0
244
97
6
27
82
10
45
106
20
7
0
146
103
76
48
96
21
112
52
8
57
0
57
103
76
48
96
21
112
52
8
84
0
84
65
58
77
19
25
48
37
81
79
0
164
69
43
15
103
120
64
82
26
55
0
55
69
43
15
103
120
64
82
26
120
0
193
117
67
108
7
33
96
13
87
70
0
152
74
34
123
90
58
107
44
68
96
0
96
74
34
123
90
58
107
44
68
40
0
40
68
8
62
86
39
114
14
1
11
0
152
54
85
25
38
69
89
97
12
84
0
84
54
85
25
38
69
89
97
12
121
0
121
13
95
51
111
61
73
103
118
59
0
59
61
40
110
73
105
33
26
78
16
0
16
61
40
110
73
105
33
26
78
56
0
56
124
114
7
50
84
56
120
88
59
0
216
72
5
20
59
88
53
113
64
76
0
76
72
5
20
59
88
53
113
64
81
0
81
65
121
5
59
46
116
72
20
52
0
52
59
11
42
93
84
20
114
38
35
0
35
59
11
42
93
84
20
114
38
90
0
90
90
64
85
38
79
51
4
31
25
0
25
117
11
97
102
37
112
32
21
42
0
42
117
11
97
102
37
112
32
21
23
0
244
117
96
46
26
38
4
89
122
26
0
177
64
47
3
105
115
122
56
32
100
0
100
64
47
3
105
115
122
56
32
84
0
84
8
104
0
29
39
43
114
93
14
0
14
